1. 3 variables, categories names and ratings
2. The majority of the data falls under the 10,000 mark. The categories have very different ranges of values.
3.
Columns 1 through 8

    1.0000    0.3863    0.2133    0.1924    0.0791    0.0645    0.2270    0.2135
    0.3863    1.0000    0.4530    0.1342    0.2719    0.1979    0.4486    0.4223
    0.2133    0.4530    1.0000    0.3047    0.4703    0.4902    0.8658    0.3254
    0.1924    0.1342    0.3047    1.0000    0.2866    0.0744    0.3895    0.3446
    0.0791    0.2719    0.4703    0.2866    1.0000    0.3360    0.4648    0.3647
    0.0645    0.1979    0.4902    0.0744    0.3360    1.0000    0.3733    0.0778
    0.2270    0.4486    0.8658    0.3895    0.4648    0.3733    1.0000    0.3787
    0.2135    0.4223    0.3254    0.3446    0.3647    0.0778    0.3787    1.0000
   -0.1001    0.2694    0.0693    0.2600    0.0592    0.1197    0.0757    0.1735

  Column 9

   -0.1001
    0.2694
    0.0693
    0.2600
    0.0592
    0.1197
    0.0757
    0.1735
    1.0000
The health and the arts categories seem to be correlated, with a value of 0.8658
4.
