1. -
2. No
3. No
4. 
column 2
mean			0.3622
median			0.3491
std			0.9063
variance		0.8215
max			3.1536
min			-2.4056
range			5.5592
intq range		1.2524
cov mtx			
ans =
    0.8178   -0.4663    0.7665   -0.4515   -0.4519    0.7690
   -0.4663    0.8215   -0.4693    0.7772    0.7692   -0.4745
    0.7665   -0.4693    0.7886   -0.4518   -0.4550    0.7552
   -0.4515    0.7772   -0.4518    0.8140    0.7627   -0.4546
   -0.4519    0.7692   -0.4550    0.7627    0.7904   -0.4584
    0.7690   -0.4745    0.7552   -0.4546   -0.4584    0.7968
corr mtx
ans =
    1.0000   -0.5689    0.9545   -0.5533   -0.5621    0.9527
   -0.5689    1.0000   -0.5830    0.9504    0.9545   -0.5865
    0.9545   -0.5830    1.0000   -0.5638   -0.5763    0.9527
   -0.5533    0.9504   -0.5638    1.0000    0.9509   -0.5644
   -0.5621    0.9545   -0.5763    0.9509    1.0000   -0.5776
    0.9527   -0.5865    0.9527   -0.5644   -0.5776    1.0000
sum of variances	4.8291
5.
column 4
mean			0.3640
std			0.9022
skewness		0.1089
kurtosis		3.0364
histogram:	The histogram is very close to a standard normal distribution, with the data more heavily
focused on the right.
6. -
